Sample	Streptococcus_mutans	Porphyromonas_gingivalis	Pseudomonas	Prevotella_maculosa	Staphylococcus_aureus	Vibrio	Fusobacterium	Proteus	Stenotrophomonas	Haemophilus	Escherichia	Brucella	Weissella	Propionibacterium	Eikenella	Staphylococcus_epidermidis	Clostridium	Streptococcus_anginosus	Methylotenera	Corynebacterium_tuberculostearicum	Bifidobacterium	Campylobacter	Achromobacter	Neisseria	Lactobacillus_johnsonii	Enterobacter	Chryseobacterium	Peptoniphilus	Dolosigranulum	Klebsiella_oxytoca	Acinetobacter	Veillonella	Comamonas	Variovorax	Diaphorobacter	Finegoldia	Corynebacterium	Moraxella	Prevotella_bivia	Corynebacterium_glutamicum	Prevotella_buccalis	Klebsiella_pneumoniae	Streptococcus_pyogenes	Porphyromonas	Lactobacillus_sakei	Peptostreptococcus	Streptococcus_pneumoniae	Dialister	Streptococcus_constellatus	Staphylococcus	Mycoplasma
Throat_P01	20283	32	12	1	6	117	13217	16039	6	1	14	1	1	10	0	6	7	2	0	0	2	1888	2	2	3	6	0	0	0	8	0	2	1	0	0	0	0	0	3	0	0	0	0	1	0	0	0	0	0	0	0
Tongue_P01	32300	12	84	2	6	39	1659	11874	3	2	9	0	11	10	0	4	1	1	0	0	2	1541	1	0	2	1	0	0	0	1	0	0	0	0	1	1	0	0	0	0	5	0	0	0	0	2	0	0	0	0	0
Throat_P02	241	871	412	5461	467	2094	0	0	142	16	245	0	83	150	0	435	25	104	0	227	34	0	11	99	3	50	0	0	0	25	37	1	0	0	0	0	0	0	4	0	7	0	0	0	0	0	0	0	0	0	0
Tongue_P02	350	876	4363	1	44	1844	0	0	132	8	186	0	702	156	1	180	12	44	0	11	26	0	1	36	1	51	0	35	1	49	10	15	0	0	0	0	0	18	3	0	0	0	0	1	0	1	0	0	0	0	0
Throat_P03	347	327	245	4894	53	897	19	27	71	19	92	2	41	755	0	223	92	142	6	100	88	0	0	41	7	29	0	316	0	17	11	40	0	0	0	22	0	0	1	0	0	0	0	0	0	0	0	0	3	0	0
Tongue_P03	321	795	4760	0	25	2401	1	0	119	72	97	50	799	736	0	246	1	66	0	114	35	31	19	70	16	36	0	165	0	26	70	0	0	0	0	66	0	0	25	0	1	0	0	0	0	0	0	0	0	0	0
Throat_P04	176	1407	334	4785	1	1548	0	0	182	33	149	34	760	394	2	133	18	118	22	261	154	27	19	239	41	33	0	0	0	43	18	0	26	0	0	0	0	47	1	0	4	26	0	0	0	0	0	0	1	0	0
Tongue_P04	234	5379	7419	2	99	3373	2	1	326	65	184	4	2439	1542	0	257	57	15	0	938	1536	0	37	212	944	42	0	37	510	66	50	80	0	0	0	0	11	0	3	0	0	0	0	0	0	0	0	0	0	0	0
Throat_P05	25406	820	335	1357	15	2066	1	0	103	34	249	1	317	63	0	32	9	31	0	59	10	0	14	8	10	38	0	0	0	21	48	15	0	0	0	0	2	0	7	0	2	3	1	5	0	0	0	0	0	0	0
Tongue_P05	6940	18523	2194	0	33	1200	0	1	53	51	95	8	376	102	0	2114	20	7	0	126	17	0	0	9	2	20	0	23	0	7	6	9	12	1	0	2	0	0	2	0	0	0	0	0	0	0	0	0	1	0	0
Throat_P06	213	50926	1	2	6879	1513	1	0	84	5	185	16	852	178	0	473	28	85	0	425	116	0	0	81	0	26	0	21	0	7	18	4	0	0	0	10	0	19	23	41	0	0	0	0	13	0	0	0	0	0	0
Tongue_P06	1065	36736	2	1	4528	921	1	1	36	20	377	11	8	230	0	51	31	1	0	89	192	0	1	153	7	12	0	188	0	10	2	16	6	0	0	33	0	0	1	1	3	1	0	0	0	0	0	0	0	0	0
Throat_P07	40	372	245	6720	11815	510	7	2	37	20	109	0	31	74	1	0	17	10	0	35	25	0	1	1	0	3	0	7	0	2	13	0	0	0	0	0	0	0	1	0	0	0	0	1	0	0	0	0	0	4	0
Tongue_P07	78	1061	4523	2	808	451	0	0	112	186	89	0	0	250	0	161	98	0	0	67	0	23	21	0	1	0	0	66	1	1	1	0	27	0	0	0	7	0	0	0	0	0	0	1	0	0	0	0	0	0	0
Throat_P08	75	919	7	0	75	1826	0	0	202	26	56	81	350	323	1	94	0	135	0	46	118	0	50	72	30	41	0	0	0	19	62	37	0	0	0	0	0	0	2	41	1	0	0	1	0	0	0	0	0	0	1
Tongue_P08	928	973	12	18	320	7648	26	0	1914	191	912	12636	6223	521	0	397	377	3201	3626	0	458	0	79	843	28	643	1411	0	0	231	325	57	300	346	332	0	205	35	27	0	0	0	0	1	0	1	0	0	0	0	0
Throat_P09	87695	497	97	1	4	54	8	0	6362	22	40	0	33	21	0	10	4	53	0	1	3	0	1347	0	3	1	0	0	0	0	0	6	1	0	4	0	0	0	3	0	1	0	0	1	0	1	0	0	0	0	0
Tongue_P09	88797	198	407	1	5	184	3	0	8352	10	28	0	110	18	0	15	1	9	0	1	71	2	756	5	5	2	0	0	0	3	6	1	0	0	0	0	0	0	5	0	1	4	0	0	0	0	0	0	0	0	0
Throat_P10	543	686	57	0	183	1187	6	0	941	1935	76	1965	40	62	0	59	46	201	282	0	201	13	47	6	13	128	111	0	0	135	21	18	0	123	35	0	0	0	3	5	1	0	0	0	0	1	0	0	0	0	0
Tongue_P10	114	604	3	0	210	608	85	1	137	1466	120	0	29	34	0	0	134	1	0	1	1	0	20	3	2	30	0	0	0	9	0	33	0	1	11	1	0	0	2	0	3	0	0	0	0	0	0	0	0	0	0
Throat_P12	7	1	1	0	0	0	0	0	0	0	0	0	0	0	0	0	0	0	0	0	0	0	0	0	0	0	0	0	0	0	0	0	0	0	0	0	0	0	0	0	0	0	0	0	0	0	0	0	0	0	0
Tongue_P12	21	21	0	0	0	0	0	0	0	0	0	0	0	0	0	0	0	0	0	0	0	0	0	0	0	0	0	0	0	0	0	0	0	0	0	0	0	0	0	0	0	0	0	0	0	0	0	0	0	0	0
Throat_P14	18	0	18	0	0	0	0	0	0	0	0	0	0	0	0	0	0	0	0	0	0	0	0	0	0	0	0	0	0	0	0	0	0	0	0	0	0	0	0	0	0	0	0	0	0	0	0	0	0	0	0
Tongue_P14	7	0	7	0	0	0	0	0	0	0	0	0	0	0	0	0	0	0	0	0	0	0	0	0	0	0	0	0	0	0	0	0	0	0	0	0	0	0	0	0	0	0	0	0	0	0	0	0	0	0	0
Throat_P15	673	632	1113	1254	26	430	19660	0	113	118	0	0	0	349	0	266	19	0	0	143	16	0	27	0	1	0	0	0	1	0	0	0	5	0	5	0	2	0	3	0	0	0	0	0	0	1	0	0	0	0	0
Tongue_P15	197	828	7524	2	135	347	4426	0	172	187	6	0	24	262	0	222	4	0	0	13	7	43	13	0	0	12	0	0	0	17	0	14	26	0	0	33	0	0	2	0	1	0	0	0	0	1	0	0	0	0	0
Throat_P16	96	0	0	0	0	0	0	0	0	0	0	0	0	0	0	0	0	0	0	36	0	0	0	0	0	0	0	0	0	0	0	0	0	0	0	0	0	0	0	0	0	0	0	0	0	0	0	0	0	0	0
Tongue_P16	510	7	5	9	7	1	6	32	44	5	14	0	11	8	5	23	19	10	8	5	7	22	10	5	2	1	22	22	7	7	8	6	4	5	0	1	0	0	10	15	21	15	11	12	16	13	6	41	0	0	0
Throat_P17	4387	711	1128	2944	11	488	0	0	35	26	64	41	0	29	1	99	6	0	0	40	47	0	0	15	1	13	0	0	0	1	0	29	4	0	0	0	1	0	1	0	0	0	0	0	0	0	0	0	0	0	0
Tongue_P17	11671	446	5557	5	85	1280	18	0	69	43	114	14	0	196	4	173	73	73	0	121	46	0	0	8	800	10	0	0	0	8	2	5	22	0	65	1	3	0	1	0	0	0	0	0	0	0	0	0	0	0	0
Throat_P18	3387	879	1245	10522	23767	1046	39	0	174	64	2944	19	2	279	0	251	998	296	89	264	96	0	9	16	2	26	3	0	64	7	36	6	0	0	0	22	0	27	3	0	1	0	0	1	0	1	0	0	0	0	0
Tongue_P18	57	503	3654	1	249	639	39	1	65	63	48	118	0	286	0	310	30	76	183	94	46	21	13	31	0	1	0	0	87	28	10	21	22	0	0	0	0	2	4	0	1	0	0	1	0	0	0	0	0	0	0
Throat_P19	30	0	68	0	0	41	0	0	0	0	8	2	0	25	0	78	0	0	23	0	0	0	0	0	8	6	0	0	0	9	31	6	29	0	0	0	0	10	0	12	36	0	25	13	5	0	38	0	0	0	0
Tongue_P19	1	0	0	0	0	0	0	0	0	0	0	0	0	0	0	0	0	0	0	0	0	0	0	0	0	0	0	0	0	0	0	0	0	0	0	0	0	0	0	0	0	0	0	0	0	0	0	0	0	0	0
Throat_P20	1	1	0	0	0	0	0	0	0	0	0	0	0	0	0	0	0	0	0	0	0	0	0	0	0	0	0	0	0	0	0	0	0	0	0	0	0	0	0	0	0	0	0	0	0	0	0	0	0	0	0
Tongue_P20	4	2	0	0	0	0	0	0	0	0	0	0	0	0	1	0	0	0	0	0	0	0	0	0	1	0	0	0	0	0	0	0	0	0	0	0	0	0	0	0	0	0	0	0	0	0	0	0	0	0	0
Throat_P21	295	330	2317	0	157	1083	2	0	163	34	656	18	0	643	7	2215	138	32	23	0	35	5	13	10	0	7	0	50	0	17	12	12	7	0	0	49	26	14	5	0	2	0	45	1	0	0	0	1	0	0	0
Tongue_P21	73	279	3345	5	4	506	13	1	120	12381	47	15	0	100	0	9	1	0	0	55	0	1	0	20	0	21	0	7	106	9	0	2	19	0	10	4	0	0	2	0	1	0	0	1	0	0	0	0	0	0	0
Throat_P22	2783	2009	4226	20	118	1763	59	9	367	128	6720	105	0	296	1	223	3126	680	331	251	124	0	22	15	145	84	48	98	0	39	1	89	9	12	11	21	0	2	2	0	1	0	0	0	0	0	0	6	0	0	0
Tongue_P22	64	269	4524	6	101	1136	19	1	93	2	149	11	0	361	0	89	12	18	1	0	55	0	0	39	6	26	1	115	0	44	16	1	0	0	0	10	29	0	6	0	7	7	0	1	9	0	0	0	0	0	0
Throat_P28	175	480	354	26312	7349	1658	2	3	167	0	189	4	0	118	0	38	5	1	0	44	69	0	16	1	9	9	0	123	0	41	0	2	0	0	0	2	0	0	6	0	0	0	0	1	0	1	0	0	0	0	0
Tongue_P28	100	212	2254	1	51	751	1	0	45	58	122	46	1	221	10	93	29	6	0	157	110	0	48	4	3	17	0	22	10	9	3	7	6	0	0	9	0	0	4	0	0	1	0	1	0	0	0	0	0	0	0
Throat_P30	2	2	0	0	0	6	2	0	9	0	0	7	10	0	0	2	0	3	1	0	0	0	0	1	0	0	0	0	1	0	0	1	0	3	0	0	0	6	2	2	1	0	0	3	10	3	0	0	0	0	0
Tongue_P30	1	1	0	1	0	0	0	0	0	0	0	0	0	0	0	0	0	0	0	0	0	0	0	0	0	0	0	0	0	0	0	0	0	0	0	0	0	0	0	0	0	0	0	0	0	0	0	0	0	0	0
Throat_P31	82207	292	3	0	6	174	5	0	21	7	62	2	0	13	0	29	15	18	0	12	10	0	1	3	3	6	0	0	0	8	1	2	8	0	0	0	0	0	6	1	1	0	0	2	0	1	0	0	0	0	0
Tongue_P31	1060	266	1	0	52	1997	7	0	231	29	260	35	0	3578	0	319	62	23	1	61	12	0	0	16	45	40	0	20	0	9	8	47	14	7	0	0	0	0	3	0	1	0	0	0	0	2	0	0	0	0	0
Throat_P33	106	2169	2792	56444	1061	1282	19	0	201	11	822	76	0	378	10522	158	34	118	5	32	45	16	2	88	26	68	0	42	0	37	12	0	21	0	11	28	1	0	3	0	31	6	0	1	0	0	8	0	0	0	0
Tongue_P33	135	1820	5706	2	80	2648	100	0	271	118	597	46	0	395	0	177	88	36	12	150	66	0	25	32	7	74	0	12	553	41	7	48	0	4	0	0	0	53	1	16	4	0	0	0	0	1	0	0	0	0	0
